10
20 1 2 3 4 5 6 7 8 9 10 11 12 13 14 15 16 17 18 19 20
20 120 266 858 1243 1657 1771 2328 2490 2665 2894 3117 4210 4454 4943 5690 6170 7048 7125 9512 9600
20 4428 2434 31185 212 1300 1188 42 4132 4410 1282 4734 698 1222 1288 2872 40350 3112 692 3708 2596
20 50271 84398 825 98304 78643 69172 20500 56955 74629 35672 85364 29721 34537 66885 82941 34842 79660 88800 11872 10935
20 9149 18259 54107 26229 82484 826 12464 66984 52156 64914 63687 84323 95091 94329 77540 88383 28616 53332 94472 76397
20 191 326 4048 1189 675 1757 43201 2195 1180 577 4326 663 4563 132 4047 4391 3669 115 4269 4888
20 7618 86827 34783 26040 75305 8819 69338 1300 36888 93423 56113 73113 24445 20897 84070 89460 38686 24069 10753 61481
20 72282 31413 85712 61064 9600 56588 74948 33309 84637 43232 85837 12424 41365 99872 10537 16259 37381 70154 11913 12746
20 19359 72229 66489 73381 14362 70661 39233 49881 39525 35439 46785 47742 82452 88815 60243 52136 62518 51678 52275 38834
20 46392 60728 43801 6638 48454 44551 47323 4850 52537 39254 46983 11991 21887 79810 42761 90228 94784 58046 58271 63738
